a_s = 2.102617943648059e-09
age = 13.792757537586617
cosmomc_theta = 1.0409768901346688
cs2_de = 1.0
dastar = 13.87000017768029
h0 = 0.674
hubble = 67.4
k = 0.0
kd = 0.14092281176505211
keq = 0.010386059419587323
massive_nu = 1
massless_nu = 2.030666666666667
mnu = 0.06
n_eff = 3.0460000000000003
n_s = 0.965
num_nu_massive = 1
num_nu_massless = 2.030666666666667
ombh2 = 0.0224
omch2 = 0.12
omega_b = 0.049309230511847414
omega_c = 0.264156592027754
omega_k = 0.0
omega_lambda = 0.6851140311199839
omega_m = 0.314885968880016
omega_nu = 0.0014201463404145906
ommh2 = 0.14304513839893818
omnuh2 = 0.0006451383989381787
rdrag = 147.06068009078837
rstar = 144.4111732142678
s_8 = 0.8313891358929523
sigma_12 = 0.8055322650354264
sigma_8 = 0.8114996145348634
sigma_8_input = 0.811
thetad = 0.16072820930266588
thetaeq = 0.813297716376663
thetarseq = 0.44937885355996454
thetastar = 1.041176433772909
w = -1.0
wa = 0.0
zdrag = 1060.0056389456993
zeq = 3402.922239001303
zstar = 1089.8787842784648
